frame_number,local_dot_x_truth,local_dot_y_truth,yaw_deg,pitch_deg,zoom,global_dot_x_truth,global_dot_y_truth,global_dot_size_truth
0,1096.6688232421875,-190.2983856201172,0.0,0.0,1.0,1225,290,1
1,1095.902099609375,-201.0986328125,0.20791169081775931,-0.5084745762711864,0.9832203389830508,1226,290,1
2,1095.254638671875,-212.0700225830078,0.40673664307580015,-1.0169491525423728,0.9664406779661017,1227,290,1
3,1094.82373046875,-223.15850830078125,0.5877852522924731,-1.5254237288135595,0.9496610169491525,1228,290,1
4,1094.706298828125,-234.31765747070312,0.7431448254773941,-2.0338983050847457,0.9328813559322033,1229,290,1
5,1094.9937744140625,-245.5106201171875,0.8660254037844386,-2.542372881355932,0.9161016949152543,1230,290,1
6,1095.768310546875,-256.7122802734375,0.9510565162951535,-3.050847457627119,0.8993220338983051,1231,290,1
7,1097.0997314453125,-267.910888671875,0.9945218953682733,-3.5593220338983054,0.882542372881356,1232,290,1
8,1099.0413818359375,-279.1087951660156,0.9945218953682734,-4.067796610169491,0.8657627118644068,1233,290,1
9,1101.6280517578125,-290.3234558105469,0.9510565162951536,-4.576271186440678,0.8489830508474576,1234,290,1
10,1104.8743896484375,-301.58807373046875,0.8660254037844387,-5.084745762711864,0.8322033898305085,1235,290,1
11,1108.7735595703125,-312.9505920410156,0.7431448254773945,-5.593220338983051,0.8154237288135593,1236,290,1
12,1113.2989501953125,-324.47418212890625,0.5877852522924732,-6.101694915254238,0.7986440677966101,1237,290,1
13,1118.4036865234375,-336.2361755371094,0.40673664307580004,-6.610169491525424,0.781864406779661,1238,290,1
14,1124.0245361328125,-348.32696533203125,0.20791169081775931,-7.118644067796611,0.7650847457627119,1239,290,1
15,1130.0841064453125,-360.8487854003906,5.66553889764798e-16,-7.627118644067796,0.7483050847457627,1240,290,1
16,1136.494873046875,-373.9128112792969,-0.20791169081775907,-8.135593220338983,0.7315254237288136,1241,290,1
17,1143.1632080078125,-387.63861083984375,-0.4067366430758002,-8.64406779661017,0.7147457627118644,1242,290,1
18,1149.99365234375,-402.1490173339844,-0.587785252292473,-9.152542372881356,0.6979661016949152,1243,290,1
19,1156.8946533203125,-417.5699157714844,-0.743144825477394,-9.661016949152541,0.6811864406779662,1244,290,1
20,1163.782958984375,-434.0256652832031,-0.8660254037844384,-10.169491525423728,0.6644067796610169,1245,290,1
21,1170.5863037109375,-451.63653564453125,-0.9510565162951535,-10.677966101694915,0.6476271186440679,1246,290,1
22,1177.251708984375,-470.5182189941406,-0.9945218953682733,-11.186440677966102,0.6308474576271186,1247,290,1
23,1183.744873046875,-490.7774658203125,-0.9945218953682734,-11.694915254237289,0.6140677966101695,1248,290,1
24,1190.0584716796875,-512.5137329101562,-0.9510565162951536,-12.203389830508476,0.5972881355932202,1249,290,1
25,1196.2132568359375,-535.8182373046875,-0.8660254037844386,-12.711864406779661,0.5805084745762712,1250,290,1
26,1202.259033203125,-560.7753295898438,-0.743144825477394,-13.220338983050848,0.563728813559322,1251,290,1
27,1208.2799072265625,-587.4656982421875,-0.5877852522924734,-13.728813559322035,0.5469491525423729,1252,290,1
28,1214.3935546875,-615.97021484375,-0.40673664307580015,-14.237288135593221,0.5301694915254237,1253,290,1
29,1220.7513427734375,-646.37353515625,-0.20791169081775898,-14.745762711864408,0.5133898305084745,1254,290,1
30,1227.5396728515625,-678.771728515625,-1.133107779529596e-15,-15.254237288135592,0.4966101694915255,1255,290,1
31,1234.9759521484375,-713.2783813476562,0.2079116908177585,-15.76271186440678,0.4798305084745762,1256,290,1
32,1243.30859375,-750.0313720703125,0.4067366430757997,-16.271186440677965,0.46305084745762715,1257,290,1
33,1252.8138427734375,-789.2022705078125,0.5877852522924729,-16.779661016949152,0.446271186440678,1258,290,1
34,1263.792236328125,-831.006591796875,0.7431448254773942,-17.28813559322034,0.4294915254237288,1259,290,1
35,1276.568115234375,-875.7132568359375,0.8660254037844384,-17.796610169491526,0.41271186440677965,1260,290,1
36,1291.483642578125,-923.6569213867188,0.9510565162951535,-18.305084745762713,0.3959322033898305,1261,290,1
37,1308.9019775390625,-975.2534790039062,0.9945218953682733,-18.8135593220339,0.3791525423728813,1262,290,1
38,1329.2044677734375,-1031.0179443359375,0.9945218953682734,-19.322033898305083,0.36237288135593226,1263,290,1
39,1352.7982177734375,-1091.5863037109375,0.9510565162951536,-19.83050847457627,0.345593220338983,1264,290,1
40,1380.1199951171875,-1157.7471923828125,0.8660254037844392,-20.338983050847457,0.32881355932203393,1265,290,1
41,1411.64990234375,-1230.4747314453125,0.7431448254773952,-20.847457627118644,0.31203389830508477,1266,290,1
42,1447.92919921875,-1310.9871826171875,0.5877852522924734,-21.35593220338983,0.2952542372881356,1267,290,1
43,1489.5914306640625,-1400.80859375,0.4067366430758011,-21.864406779661014,0.27847457627118655,1268,290,1
44,1537.396240234375,-1501.8629150390625,0.20791169081776084,-22.372881355932204,0.26169491525423727,1269,290,1
45,1592.2965087890625,-1616.6160888671875,3.6739403974420594e-16,-22.881355932203387,0.24491525423728822,1270,290,1
46,1655.516845703125,-1748.258056640625,-0.2079116908177584,-23.389830508474578,0.22813559322033894,1271,290,1
47,1728.6759033203125,-1900.9833984375,-0.4067366430758004,-23.89830508474576,0.21135593220338988,1272,290,1
48,1813.9849853515625,-2080.427734375,-0.5877852522924728,-24.40677966101695,0.1945762711864406,1273,290,1
49,1914.5330810546875,-2294.3251953125,-0.7431448254773936,-24.915254237288135,0.17779661016949155,1274,290,1
50,2034.762939453125,-2553.6044921875,-0.8660254037844387,-25.423728813559322,0.1610169491525424,1275,290,1
51,2181.267333984375,-2874.2216796875,-0.9510565162951534,-25.93220338983051,0.14423728813559322,1276,290,1
52,2364.228759765625,-3280.495849609375,-0.9945218953682734,-26.440677966101696,0.12745762711864406,1277,290,1
53,2600.149658203125,-3811.416015625,-0.9945218953682733,-26.949152542372882,0.11067796610169489,1278,290,1
54,2917.43359375,-4533.70068359375,-0.9510565162951538,-27.45762711864407,0.09389830508474573,1279,290,1
55,3369.5244140625,-5572.2060546875,-0.8660254037844383,-27.966101694915253,0.07711864406779667,1280,290,1
56,4069.37451171875,-7190.32275390625,-0.7431448254773941,-28.474576271186443,0.060338983050847395,1281,290,1
57,5304.41650390625,-10057.373046875,-0.5877852522924735,-28.983050847457626,0.04355932203389834,1282,290,1
58,8082.77734375,-16520.037109375,-0.40673664307579954,-29.491525423728817,0.026779661016949063,1283,290,1
59,20180.474609375,-44676.1640625,-0.20791169081775923,-30.0,0.010000000000000009,1284,290,1
